0, 13, 70, 65, 44, 5, 11, 30, 57, 41, 7, 42, 28, 15, 1, 58, 6, 83, 9, 18, 64, 3, 43, 15, 14, 77, 98, 20, 20, 48, 73, 47, 63, 82, 30, 5, 55, 26, 61, 71, 89, 28, 76, 49, 21, 58, 69, 48, 17, 68, 7, 76, 77, 87, 82, 53, 24, 76, 34, 11, 88, 52, 15, 92, 98, 2, 92, 98, 85, 21, 58, 80, 91, 83, 36, 85, 64, 1, 36, 62, 2
13, 0, 23, 1, 76, 81, 67, 41, 30, 77, 82, 14, 41, 56, 19, 91, 10, 60, 67, 93, 22, 33, 39, 15, 80, 32, 24, 81, 38, 96, 13, 44, 33, 80, 47, 61, 47, 92, 70, 73, 67, 67, 41, 29, 40, 6, 38, 98, 32, 19, 88, 98, 7, 81, 33, 16, 10, 58, 56, 69, 73, 13, 82, 32, 29, 49, 67, 3, 31, 22, 96, 54, 26, 19, 47, 3, 73, 81, 91, 80, 60
70, 23, 0, 2, 77, 14, 7, 84, 82, 54, 56, 74, 98, 92, 14, 19, 92, 54, 22, 99, 3, 50, 66, 68, 82, 67, 15, 86, 51, 30, 28, 76, 5, 64, 40, 25, 22, 7, 7, 37, 10, 9, 16, 5, 30, 39, 17, 55, 40, 78, 68, 5, 52, 47, 49, 92, 99, 49, 88, 3, 22, 24, 89, 17, 77, 99, 33, 28, 4, 45, 19, 42, 6, 4, 63, 38, 77, 30, 62, 75, 53
65, 1, 2, 0, 57, 34, 3, 73, 81, 40, 71, 19, 51, 39, 97, 50, 13, 35, 43, 97, 72, 11, 10, 22, 61, 82, 46, 65, 51, 21, 8, 58, 52, 60, 36, 64, 27, 94, 89, 38, 69, 90, 86, 58, 6, 82, 62, 73, 14, 7, 2, 35, 92, 58, 61, 25, 87, 66, 65, 11, 8, 49, 89, 9, 90, 48, 3, 71, 63, 74, 11, 12, 26, 89, 55, 97, 62, 99, 1, 95, 10
44, 76, 77, 57, 0, 41, 42, 63, 86, 33, 56, 51, 90, 1, 91, 84, 44, 97, 64, 82, 31, 58, 46, 16, 69, 35, 13, 6, 61, 43, 76, 87, 54, 27, 54, 55, 91, 33, 27, 47, 59, 73, 4, 26, 31, 48, 20, 17, 22, 47, 81, 54, 60, 54, 83, 71, 27, 92, 91, 88, 61, 89, 47, 81, 91, 73, 44, 61, 66, 11, 85, 5, 63, 34, 27, 94, 5, 87, 96, 85, 44
5, 81, 14, 34, 41, 0, 80, 88, 56, 88, 64, 46, 62, 67, 37, 46, 64, 99, 18, 37, 40, 27, 89, 65, 25, 91, 60, 13, 5, 40, 10, 17, 73, 70, 95, 92, 94, 21, 29, 68, 15, 87, 59, 25, 62, 60, 53, 19, 64, 68, 81, 42, 19, 60, 44, 44, 20, 68, 49, 5, 99, 97, 81, 30, 5, 42, 23, 45, 35, 20, 16, 48, 8, 83, 58, 2, 86, 34, 72, 42, 88
11, 67, 7, 3, 42, 80, 0, 81, 60, 62, 22, 89, 74, 79, 62, 71, 97, 95, 21, 90, 1, 63, 27, 89, 13, 8, 21, 97, 35, 79, 64, 29, 9, 67, 52, 80, 15, 87, 48, 67, 3, 12, 29, 16, 56, 36, 8, 31, 66, 59, 36, 30, 10, 9, 55, 10, 1, 25, 60, 16, 82, 28, 78, 30, 39, 73, 31, 80, 7, 40, 47, 45, 94, 69, 94, 93, 42, 91, 3, 19, 79
30, 41, 84, 73, 63, 88, 81, 0, 64, 88, 47, 16, 71, 71, 43, 58, 48, 57, 70, 28, 51, 17, 56, 60, 84, 81, 52, 13, 13, 69, 19, 46, 12, 85, 5, 35, 67, 32, 33, 82, 30, 51, 68, 7, 69, 21, 43, 47, 42, 61, 34, 18, 39, 45, 67, 55, 4, 76, 77, 38, 66, 99, 43, 67, 27, 96, 79, 94, 41, 72, 43, 89, 19, 14, 73, 86, 95, 38, 85, 23, 46
57, 30, 82, 81, 86, 56, 60, 64, 0, 45, 27, 46, 98, 29, 33, 91, 87, 9, 62, 82, 66, 99, 92, 6, 88, 52, 14, 24, 33, 7, 49, 42, 16, 63, 36, 27, 93, 67, 42, 1, 89, 64, 82, 92, 15, 41, 8, 77, 26, 12, 35, 37, 66, 18, 24, 95, 31, 95, 76, 80, 23, 2, 93, 34, 98, 4, 21, 87, 43, 6, 41, 87, 36, 68, 28, 43, 26, 32, 98, 48, 31
41, 77, 54, 40, 33, 88, 62, 88, 45, 0, 28, 19, 23, 21, 52, 31, 95, 88, 43, 88, 80, 82, 75, 27, 58, 4, 10, 10, 90, 24, 30, 30, 11, 50, 13, 52, 11, 7, 93, 29, 95, 41, 74, 79, 37, 19, 79, 56, 89, 48, 73, 46, 6, 18, 51, 21, 38, 91, 97, 35, 20, 9, 46, 2, 72, 73, 17, 1, 69, 53, 88, 2, 27, 21, 94, 37, 52, 6, 81, 96, 49
7, 82, 56, 71, 56, 64, 22, 47, 27, 28, 0, 20, 49, 81, 16, 9, 95, 22, 78, 82, 84, 36, 12, 51, 93, 64, 39, 3, 21, 15, 93, 68, 97, 13, 81, 34, 2, 52, 49, 14, 50, 85, 18, 22, 65, 55, 70, 55, 18, 34, 53, 72, 76, 8, 48, 18, 34, 67, 90, 46, 38, 34, 33, 66, 96, 80, 77, 1, 59, 72, 99, 46, 10, 64, 7, 13, 26, 91, 9, 44, 86
42, 14, 74, 19, 51, 46, 89, 16, 46, 19, 20, 0, 9, 17, 52, 79, 82, 66, 39, 21, 30, 96, 81, 63, 8, 1, 76, 43, 54, 13, 85, 28, 59, 80, 39, 64, 89, 88, 74, 40, 77, 15, 45, 46, 14, 55, 97, 97, 88, 40, 58, 59, 87, 90, 66, 80, 79, 99, 18, 34, 94, 42, 44, 53, 46, 85, 35, 19, 44, 57, 9, 27, 76, 96, 63, 42, 74, 18, 4, 14, 13
28, 41, 98, 51, 90, 62, 74, 71, 98, 23, 49, 9, 0, 59, 88, 63, 78, 44, 63, 36, 40, 70, 9, 61, 21, 26, 57, 40, 59, 41, 77, 29, 49, 26, 7, 48, 71, 78, 42, 39, 79, 12, 35, 53, 62, 29, 49, 39, 29, 77, 55, 78, 19, 82, 32, 21, 78, 81, 3, 85, 34, 39, 57, 77, 61, 84, 80, 58, 8, 10, 39, 76, 81, 12, 22, 33, 98, 17, 17, 87, 5
15, 56, 92, 39, 1, 67, 79, 71, 29, 21, 81, 17, 59, 0, 99, 43, 73, 17, 84, 56, 77, 76, 75, 41, 97, 50, 59, 8, 91, 92, 12, 55, 45, 97, 26, 47, 1, 69, 87, 24, 20, 75, 67, 59, 25, 61, 63, 53, 57, 26, 78, 91, 98, 72, 50, 78, 93, 69, 70, 68, 7, 67, 98, 38, 9, 99, 44, 7, 58, 51, 22, 94, 82, 36, 77, 60, 46, 89, 89, 80, 71
1, 19, 14, 97, 91, 37, 62, 43, 33, 52, 16, 52, 88, 99, 0, 85, 88, 39, 98, 21, 64, 42, 88, 30, 91, 98, 5, 86, 90, 55, 63, 1, 18, 84, 40, 98, 93, 22, 24, 86, 49, 22, 57, 84, 56, 72, 59, 18, 44, 94, 79, 52, 42, 57, 78, 63, 52, 86, 26, 72, 31, 28, 50, 69, 53, 92, 59, 18, 40, 41, 57, 72, 40, 50, 90, 39, 6, 69, 95, 70, 48
58, 91, 19, 50, 84, 46, 71, 58, 91, 31, 9, 79, 63, 43, 85, 0, 70, 97, 12, 71, 67, 52, 59, 5, 26, 17, 63, 63, 18, 83, 93, 17, 45, 85, 95, 96, 21, 59, 41, 61, 65, 49, 73, 63, 69, 61, 62, 9, 99, 30, 97, 76, 41, 35, 65, 25, 47, 18, 48, 62, 19, 72, 65, 94, 88, 32, 17, 98, 65, 90, 62, 69, 47, 35, 90, 82, 64, 95, 12, 73, 9
6, 10, 92, 13, 44, 64, 97, 48, 87, 95, 95, 82, 78, 73, 88, 70, 0, 90, 98, 72, 77, 37, 30, 67, 51, 95, 19, 83, 38, 84, 75, 74, 59, 98, 67, 70, 8, 98, 89, 75, 59, 21, 49, 99, 5, 22, 38, 53, 43, 11, 39, 83, 28, 61, 66, 52, 57, 71, 96, 45, 98, 78, 1, 51, 51, 17, 25, 6, 70, 95, 84, 8, 49, 98, 38, 84, 10, 17, 2, 57, 73
83, 60, 54, 35, 97, 99, 95, 57, 9, 88, 22, 66, 44, 17, 39, 97, 90, 0, 42, 56, 70, 71, 72, 21, 47, 2, 3, 95, 75, 35, 72, 60, 38, 89, 71, 45, 7, 36, 57, 87, 10, 54, 69, 26, 49, 62, 31, 24, 84, 2, 41, 75, 73, 93, 30, 47, 36, 43, 99, 47, 66, 10, 92, 33, 55, 15, 13, 95, 12, 66, 29, 15, 21, 75, 21, 50, 50, 25, 48, 52, 76
9, 67, 22, 43, 64, 18, 21, 70, 62, 43, 78, 39, 63, 84, 98, 12, 98, 42, 0, 14, 47, 55, 86, 3, 78, 9, 46, 81, 76, 99, 80, 41, 26, 87, 95, 86, 40, 84, 8, 27, 62, 22, 10, 63, 50, 16, 88, 34, 44, 71, 75, 58, 39, 56, 3, 54, 11, 77, 28, 9, 42, 36, 32, 82, 83, 72, 56, 20, 76, 88, 39, 97, 15, 69, 18, 31, 3, 83, 84, 33, 88
18, 93, 99, 97, 82, 37, 90, 28, 82, 88, 82, 21, 36, 56, 21, 71, 72, 56, 14, 0, 59, 12, 50, 13, 68, 77, 87, 18, 90, 10, 47, 41, 51, 11, 57, 44, 65, 63, 5, 31, 59, 78, 61, 90, 99, 77, 85, 22, 27, 91, 9, 45, 43, 71, 30, 75, 39, 84, 44, 90, 19, 8, 19, 5, 83, 37, 80, 65, 14, 15, 62, 45, 5, 34, 16, 87, 43, 71, 81, 90, 93
64, 22, 3, 72, 31, 40, 1, 51, 66, 80, 84, 30, 40, 77, 64, 67, 77, 70, 47, 59, 0, 41, 49, 37, 52, 27, 66, 96, 34, 87, 16, 77, 17, 69, 81, 10, 48, 13, 44, 70, 80, 69, 39, 34, 98, 22, 74, 70, 86, 17, 34, 6, 92, 78, 55, 41, 89, 92, 18, 95, 8, 3, 30, 18, 58, 74, 76, 69, 59, 55, 24, 28, 50, 88, 75, 82, 91, 84, 55, 23, 55
3, 33, 50, 11, 58, 27, 63, 17, 99, 82, 36, 96, 70, 76, 42, 52, 37, 71, 55, 12, 41, 0, 62, 57, 72, 76, 29, 73, 1, 78, 43, 73, 98, 25, 19, 3, 10, 36, 42, 53, 72, 39, 72, 10, 73, 88, 93, 11, 86, 91, 65, 94, 58, 10, 52, 58, 59, 1, 70, 28, 6, 71, 20, 21, 68, 22, 48, 87, 75, 66, 46, 12, 48, 36, 12, 56, 31, 23, 48, 80, 80
43, 39, 66, 10, 46, 89, 27, 56, 92, 75, 12, 81, 9, 75, 88, 59, 30, 72, 86, 50, 49, 62, 0, 22, 39, 36, 71, 55, 96, 5, 55, 20, 62, 19, 74, 97, 99, 40, 45, 98, 18, 50, 58, 81, 33, 85, 34, 82, 7, 12, 12, 30, 8, 40, 41, 37, 50, 6, 22, 55, 77, 62, 48, 97, 13, 96, 51, 47, 18, 2, 9, 97, 64, 3, 59, 71, 48, 36, 72, 34, 7
15, 15, 68, 22, 16, 65, 89, 60, 6, 27, 51, 63, 61, 41, 30, 5, 67, 21, 3, 13, 37, 57, 22, 0, 56, 90, 69, 29, 79, 86, 95, 1, 70, 56, 17, 68, 16, 70, 90, 78, 81, 67, 90, 84, 45, 80, 92, 10, 76, 43, 75, 31, 16, 16, 59, 43, 88, 23, 28, 97, 15, 69, 20, 5, 4, 79, 81, 44, 25, 89, 1, 62, 12, 80, 20, 99, 32, 18, 98, 33, 31
14, 80, 82, 61, 69, 25, 13, 84, 88, 58, 93, 8, 21, 97, 91, 26, 51, 47, 78, 68, 52, 72, 39, 56, 0, 56, 50, 25, 10, 24, 58, 61, 86, 33, 72, 1, 90, 60, 17, 90, 38, 56, 96, 15, 67, 89, 69, 52, 71, 69, 47, 3, 54, 59, 95, 17, 49, 39, 47, 7, 98, 94, 34, 58, 37, 63, 56, 28, 14, 94, 44, 71, 70, 36, 69, 53, 83, 54, 95, 21, 83
77, 32, 67, 82, 35, 91, 8, 81, 52, 4, 64, 1, 26, 50, 98, 17, 95, 2, 9, 77, 27, 76, 36, 90, 56, 0, 9, 7, 30, 32, 79, 72, 97, 54, 25, 26, 12, 84, 65, 59, 77, 68, 8, 93, 96, 49, 18, 80, 72, 82, 66, 60, 99, 45, 76, 89, 88, 19, 58, 82, 17, 50, 58, 16, 62, 85, 37, 79, 81, 4, 20, 81, 46, 92, 98, 42, 89, 96, 50, 62, 70
98, 24, 15, 46, 13, 60, 21, 52, 14, 10, 39, 76, 57, 59, 5, 63, 19, 3, 46, 87, 66, 29, 71, 69, 50, 9, 0, 68, 77, 18, 89, 84, 56, 98, 86, 93, 39, 14, 27, 12, 89, 87, 43, 56, 54, 79, 49, 53, 45, 45, 43, 97, 76, 83, 56, 10, 53, 32, 29, 24, 31, 70, 62, 30, 72, 67, 67, 99, 92, 90, 61, 29, 2, 9, 61, 21, 78, 13, 21, 88, 67
20, 81, 86, 65, 6, 13, 97, 13, 24, 10, 3, 43, 40, 8, 86, 63, 83, 95, 81, 18, 96, 73, 55, 29, 25, 7, 68, 0, 98, 90, 46, 18, 52, 81, 41, 59, 73, 20, 8, 7, 4, 19, 33, 70, 86, 30, 46, 53, 91, 18, 63, 35, 51, 44, 25, 36, 30, 69, 62, 58, 1, 95, 89, 52, 6, 75, 71, 76, 98, 32, 39, 76, 61, 27, 78, 36, 38, 88, 46, 46, 80
20, 38, 51, 51, 61, 5, 35, 13, 33, 90, 21, 54, 59, 91, 90, 18, 38, 75, 76, 90, 34, 1, 96, 79, 10, 30, 77, 98, 0, 28, 72, 98, 80, 43, 76, 84, 28, 88, 20, 26, 79, 76, 30, 84, 87, 77, 88, 97, 40, 60, 4, 60, 23, 45, 40, 83, 8, 95, 19, 77, 51, 53, 45, 1, 55, 6, 89, 25, 15, 73, 23, 29, 17, 44, 64, 46, 64, 91, 83, 56, 65
48, 96, 30, 21, 43, 40, 79, 69, 7, 24, 15, 13, 41, 92, 55, 83, 84, 35, 99, 10, 87, 78, 5, 86, 24, 32, 18, 90, 28, 0, 80, 82, 53, 2, 1, 48, 50, 99, 45, 15, 20, 50, 2, 52, 91, 82, 93, 25, 81, 24, 37, 80, 27, 5, 91, 9, 47, 45, 25, 67, 43, 67, 14, 1, 84, 74, 34, 60, 11, 54, 88, 95, 43, 39, 47, 16, 25, 47, 54, 51, 36
73, 13, 28, 8, 76, 10, 64, 19, 49, 30, 93, 85, 77, 12, 63, 93, 75, 72, 80, 47, 16, 43, 55, 95, 58, 79, 89, 46, 72, 80, 0, 1, 19, 14, 47, 61, 36, 83, 34, 55, 29, 61, 53, 40, 86, 16, 88, 1, 35, 68, 58, 67, 7, 99, 3, 27, 98, 1, 91, 32, 58, 56, 70, 53, 84, 64, 42, 31, 83, 77, 76, 79, 6, 87, 93, 84, 18, 74, 70, 21, 94
47, 44, 76, 58, 87, 17, 29, 46, 42, 30, 68, 28, 29, 55, 1, 17, 74, 60, 41, 41, 77, 73, 20, 1, 61, 72, 84, 18, 98, 82, 1, 0, 46, 14, 29, 33, 93, 3, 14, 23, 79, 24, 54, 97, 25, 10, 6, 42, 73, 29, 38, 55, 41, 21, 18, 98, 6, 80, 63, 85, 8, 82, 69, 45, 76, 99, 70, 16, 35, 24, 8, 53, 40, 6, 89, 17, 44, 45, 74, 65, 5
63, 33, 5, 52, 54, 73, 9, 12, 16, 11, 97, 59, 49, 45, 18, 45, 59, 38, 26, 51, 17, 98, 62, 70, 86, 97, 56, 52, 80, 53, 19, 46, 0, 12, 47, 14, 78, 97, 78, 18, 87, 19, 61, 73, 36, 83, 39, 75, 72, 20, 59, 45, 91, 21, 9, 52, 35, 44, 8, 61, 12, 68, 19, 66, 6, 75, 3, 1, 19, 50, 89, 2, 99, 45, 49, 2, 39, 78, 81, 21, 15
82, 80, 64, 60, 27, 70, 67, 85, 63, 50, 13, 80, 26, 97, 84, 85, 98, 89, 87, 11, 69, 25, 19, 56, 33, 54, 98, 81, 43, 2, 14, 14, 12, 0, 29, 50, 15, 91, 73, 52, 12, 12, 9, 41, 17, 85, 41, 29, 91, 8, 69, 60, 41, 79, 19, 39, 55, 79, 70, 62, 14, 32, 78, 57, 66, 10, 67, 70, 99, 82, 60, 3, 20, 92, 31, 65, 76, 32, 6, 53, 42
30, 47, 40, 36, 54, 95, 52, 5, 36, 13, 81, 39, 7, 26, 40, 95, 67, 71, 95, 57, 81, 19, 74, 17, 72, 25, 86, 41, 76, 1, 47, 29, 47, 29, 0, 43, 64, 39, 16, 82, 44, 97, 66, 32, 70, 6, 7, 8, 90, 53, 54, 68, 10, 85, 70, 30, 89, 53, 75, 7, 79, 63, 81, 9, 77, 92, 74, 59, 58, 62, 56, 97, 21, 83, 15, 72, 64, 97, 24, 42, 29
5, 61, 25, 64, 55, 92, 80, 35, 27, 52, 34, 64, 48, 47, 98, 96, 70, 45, 86, 44, 10, 3, 97, 68, 1, 26, 93, 59, 84, 48, 61, 33, 14, 50, 43, 0, 31, 27, 86, 54, 88, 29, 79, 19, 94, 97, 18, 63, 33, 56, 45, 95, 4, 22, 62, 35, 15, 48, 95, 58, 93, 55, 15, 52, 48, 39, 85, 5, 4, 12, 32, 71, 97, 56, 35, 92, 80, 46, 99, 85, 39
55, 47, 22, 27, 91, 94, 15, 67, 93, 11, 2, 89, 71, 1, 93, 21, 8, 7, 40, 65, 48, 10, 99, 16, 90, 12, 39, 73, 28, 50, 36, 93, 78, 15, 64, 31, 0, 5, 74, 67, 90, 12, 48, 69, 29, 40, 40, 77, 88, 94, 48, 67, 43, 32, 57, 10, 59, 79, 42, 48, 91, 11, 11, 88, 26, 53, 13, 74, 72, 7, 35, 20, 76, 77, 55, 95, 73, 43, 40, 8, 20
26, 92, 7, 94, 33, 21, 87, 32, 67, 7, 52, 88, 78, 69, 22, 59, 98, 36, 84, 63, 13, 36, 40, 70, 60, 84, 14, 20, 88, 99, 83, 3, 97, 91, 39, 27, 5, 0, 42, 19, 69, 14, 51, 12, 24, 98, 12, 93, 23, 45, 49, 16, 1, 59, 18, 65, 85, 39, 6, 58, 67, 40, 98, 97, 79, 3, 94, 42, 16, 29, 63, 47, 11, 86, 29, 76, 20, 98, 90, 35, 72
61, 70, 7, 89, 27, 29, 48, 33, 42, 93, 49, 74, 42, 87, 24, 41, 89, 57, 8, 5, 44, 42, 45, 90, 17, 65, 27, 8, 20, 45, 34, 14, 78, 73, 16, 86, 74, 42, 0, 12, 7, 90, 89, 56, 53, 91, 98, 38, 42, 81, 58, 60, 61, 16, 42, 74, 48, 51, 13, 32, 38, 72, 92, 88, 65, 41, 79, 11, 84, 57, 55, 18, 79, 64, 17, 36, 58, 98, 90, 61, 99
71, 73, 37, 38, 47, 68, 67, 82, 1, 29, 14, 40, 39, 24, 86, 61, 75, 87, 27, 31, 70, 53, 98, 78, 90, 59, 12, 7, 26, 15, 55, 23, 18, 52, 82, 54, 67, 19, 12, 0, 30, 51, 72, 9, 3, 95, 9, 1, 36, 58, 51, 43, 36, 25, 40, 37, 15, 44, 45, 26, 55, 16, 72, 67, 26, 1, 15, 84, 24, 81, 39, 77, 12, 70, 97, 8, 75, 97, 24, 98, 36
89, 67, 10, 69, 59, 15, 3, 30, 89, 95, 50, 77, 79, 20, 49, 65, 59, 10, 62, 59, 80, 72, 18, 81, 38, 77, 89, 4, 79, 20, 29, 79, 87, 12, 44, 88, 90, 69, 7, 30, 0, 20, 84, 82, 2, 62, 38, 71, 75, 16, 91, 8, 53, 34, 10, 45, 63, 39, 8, 21, 57, 89, 23, 85, 11, 52, 31, 71, 58, 45, 35, 49, 92, 91, 40, 15, 51, 14, 93, 90, 72
28, 67, 9, 90, 73, 87, 12, 51, 64, 41, 85, 15, 12, 75, 22, 49, 21, 54, 22, 78, 69, 39, 50, 67, 56, 68, 87, 19, 76, 50, 61, 24, 19, 12, 97, 29, 12, 14, 90, 51, 20, 0, 70, 19, 39, 24, 17, 87, 3, 7, 4, 57, 40, 35, 23, 60, 73, 72, 17, 10, 42, 38, 98, 50, 7, 86, 70, 42, 66, 14, 33, 86, 97, 18, 3, 71, 57, 95, 11, 97, 60
76, 41, 16, 86, 4, 59, 29, 68, 82, 74, 18, 45, 35, 67, 57, 73, 49, 69, 10, 61, 39, 72, 58, 90, 96, 8, 43, 33, 30, 2, 53, 54, 61, 9, 66, 79, 48, 51, 89, 72, 84, 70, 0, 18, 63, 64, 6, 88, 2, 95, 58, 50, 68, 89, 54, 18, 17, 40, 36, 96, 73, 24, 71, 83, 96, 93, 34, 2, 23, 4, 91, 15, 57, 58, 20, 65, 21, 22, 37, 96, 36
49, 29, 5, 58, 26, 25, 16, 7, 92, 79, 22, 46, 53, 59, 84, 63, 99, 26, 63, 90, 34, 10, 81, 84, 15, 93, 56, 70, 84, 52, 40, 97, 73, 41, 32, 19, 69, 12, 56, 9, 82, 19, 18, 0, 96, 8, 97, 86, 30, 97, 23, 26, 6, 5, 78, 42, 32, 2, 94, 19, 14, 20, 15, 21, 58, 58, 14, 66, 47, 83, 51, 41, 67, 46, 61, 69, 99, 56, 6, 6, 39
21, 40, 30, 6, 31, 62, 56, 69, 15, 37, 65, 14, 62, 25, 56, 69, 5, 49, 50, 99, 98, 73, 33, 45, 67, 96, 54, 86, 87, 91, 86, 25, 36, 17, 70, 94, 29, 24, 53, 3, 2, 39, 63, 96, 0, 80, 60, 12, 4, 56, 50, 50, 23, 15, 80, 41, 9, 75, 17, 74, 76, 68, 11, 72, 76, 96, 16, 25, 42, 1, 69, 14, 28, 48, 71, 77, 37, 80, 29, 36, 26
58, 6, 39, 82, 48, 60, 36, 21, 41, 19, 55, 55, 29, 61, 72, 61, 22, 62, 16, 77, 22, 88, 85, 80, 89, 49, 79, 30, 77, 82, 16, 10, 83, 85, 6, 97, 40, 98, 91, 95, 62, 24, 64, 8, 80, 0, 3, 6, 72, 61, 87, 52, 7, 42, 99, 36, 69, 52, 87, 83, 47, 77, 49, 1, 66, 36, 99, 91, 43, 38, 34, 59, 31, 20, 88, 7, 85, 20, 40, 74, 14
69, 38, 17, 62, 20, 53, 8, 43, 8, 79, 70, 97, 49, 63, 59, 62, 38, 31, 88, 85, 74, 93, 34, 92, 69, 18, 49, 46, 88, 93, 88, 6, 39, 41, 7, 18, 40, 12, 98, 9, 38, 17, 6, 97, 60, 3, 0, 62, 28, 74, 92, 28, 28, 5, 79, 88, 37, 52, 36, 81, 34, 89, 99, 90, 54, 60, 3, 82, 41, 99, 11, 31, 91, 33, 76, 33, 97, 16, 44, 50, 63
48, 98, 55, 73, 17, 19, 31, 47, 77, 56, 55, 97, 39, 53, 18, 9, 53, 24, 34, 22, 70, 11, 82, 10, 52, 80, 53, 53, 97, 25, 1, 42, 75, 29, 8, 63, 77, 93, 38, 1, 71, 87, 88, 86, 12, 6, 62, 0, 71, 5, 80, 42, 95, 95, 29, 68, 65, 3, 50, 53, 92, 48, 78, 75, 51, 94, 36, 32, 37, 17, 92, 67, 31, 32, 98, 12, 34, 39, 92, 81, 46
17, 32, 40, 14, 22, 64, 66, 42, 26, 89, 18, 88, 29, 57, 44, 99, 43, 84, 44, 27, 86, 86, 7, 76, 71, 72, 45, 91, 40, 81, 35, 73, 72, 91, 90, 33, 88, 23, 42, 36, 75, 3, 2, 30, 4, 72, 28, 71, 0, 22, 42, 93, 11, 50, 39, 15, 54, 83, 98, 15, 66, 19, 92, 91, 64, 66, 8, 17, 40, 27, 33, 79, 73, 6, 91, 31, 99, 26, 1, 24, 91
68, 19, 78, 7, 47, 68, 59, 61, 12, 48, 34, 40, 77, 26, 94, 30, 11, 2, 71, 91, 17, 91, 12, 43, 69, 82, 45, 18, 60, 24, 68, 29, 20, 8, 53, 56, 94, 45, 81, 58, 16, 7, 95, 97, 56, 61, 74, 5, 22, 0, 78, 54, 78, 60, 67, 86, 46, 36, 48, 78, 4, 96, 93, 70, 93, 51, 81, 30, 75, 52, 98, 63, 51, 88, 77, 36, 9, 84, 51, 41, 94
7, 88, 68, 2, 81, 81, 36, 34, 35, 73, 53, 58, 55, 78, 79, 97, 39, 41, 75, 9, 34, 65, 12, 75, 47, 66, 43, 63, 4, 37, 58, 38, 59, 69, 54, 45, 48, 49, 58, 51, 91, 4, 58, 23, 50, 87, 92, 80, 42, 78, 0, 87, 77, 43, 27, 90, 11, 85, 73, 54, 64, 97, 9, 45, 73, 90, 28, 53, 15, 65, 58, 58, 41, 2, 67, 95, 34, 57, 70, 68, 71
76, 98, 5, 35, 54, 42, 30, 18, 37, 46, 72, 59, 78, 91, 52, 76, 83, 75, 58, 45, 6, 94, 30, 31, 3, 60, 97, 35, 60, 80, 67, 55, 45, 60, 68, 95, 67, 16, 60, 43, 8, 57, 50, 26, 50, 52, 28, 42, 93, 54, 87, 0, 76, 18, 1, 93, 71, 17, 81, 66, 29, 76, 28, 28, 29, 92, 70, 9, 50, 30, 97, 69, 38, 61, 37, 81, 54, 99, 91, 21, 5
77, 7, 52, 92, 60, 19, 10, 39, 66, 6, 76, 87, 19, 98, 42, 41, 28, 73, 39, 43, 92, 58, 8, 16, 54, 99, 76, 51, 23, 27, 7, 41, 91, 41, 10, 4, 43, 1, 61, 36, 53, 40, 68, 6, 23, 7, 28, 95, 11, 78, 77, 76, 0, 50, 59, 28, 22, 72, 17, 27, 92, 61, 18, 99, 94, 23, 6, 7, 72, 58, 6, 33, 16, 94, 92, 46, 70, 26, 10, 25, 26
87, 81, 47, 58, 54, 60, 9, 45, 18, 18, 8, 90, 82, 72, 57, 35, 61, 93, 56, 71, 78, 10, 40, 16, 59, 45, 83, 44, 45, 5, 99, 21, 21, 79, 85, 22, 32, 59, 16, 25, 34, 35, 89, 5, 15, 42, 5, 95, 50, 60, 43, 18, 50, 0, 7, 62, 89, 62, 25, 45, 78, 74, 67, 72, 46, 23, 49, 24, 90, 60, 70, 85, 99, 20, 88, 53, 58, 37, 8, 40, 48
82, 33, 49, 61, 83, 44, 55, 67, 24, 51, 48, 66, 32, 50, 78, 65, 66, 30, 3, 30, 55, 52, 41, 59, 95, 76, 56, 25, 40, 91, 3, 18, 9, 19, 70, 62, 57, 18, 42, 40, 10, 23, 54, 78, 80, 99, 79, 29, 39, 67, 27, 1, 59, 7, 0, 2, 20, 35, 95, 76, 11, 54, 83, 70, 39, 43, 29, 2, 29, 61, 87, 76, 47, 19, 41, 91, 33, 80, 96, 27, 37
53, 16, 92, 25, 71, 44, 10, 55, 95, 21, 18, 80, 21, 78, 63, 25, 52, 47, 54, 75, 41, 58, 37, 43, 17, 89, 10, 36, 83, 9, 27, 98, 52, 39, 30, 35, 10, 65, 74, 37, 45, 60, 18, 42, 41, 36, 88, 68, 15, 86, 90, 93, 28, 62, 2, 0, 47, 20, 40, 43, 55, 40, 49, 36, 34, 99, 34, 91, 95, 82, 30, 20, 76, 68, 88, 17, 96, 45, 22, 90, 36
24, 10, 99, 87, 27, 20, 1, 4, 31, 38, 34, 79, 78, 93, 52, 47, 57, 36, 11, 39, 89, 59, 50, 88, 49, 88, 53, 30, 8, 47, 98, 6, 35, 55, 89, 15, 59, 85, 48, 15, 63, 73, 17, 32, 9, 69, 37, 65, 54, 46, 11, 71, 22, 89, 20, 47, 0, 26, 91, 88, 64, 63, 77, 56, 33, 26, 63, 1, 45, 88, 10, 92, 75, 22, 17, 79, 95, 95, 5, 64, 5
76, 58, 49, 66, 92, 68, 25, 76, 95, 91, 67, 99, 81, 69, 86, 18, 71, 43, 77, 84, 92, 1, 6, 23, 39, 19, 32, 69, 95, 45, 1, 80, 44, 79, 53, 48, 79, 39, 51, 44, 39, 72, 40, 2, 75, 52, 52, 3, 83, 36, 85, 17, 72, 62, 35, 20, 26, 0, 63, 61, 75, 69, 22, 95, 21, 38, 41, 75, 91, 28, 28, 20, 55, 18, 73, 56, 1, 32, 60, 16, 53
34, 56, 88, 65, 91, 49, 60, 77, 76, 97, 90, 18, 3, 70, 26, 48, 96, 99, 28, 44, 18, 70, 22, 28, 47, 58, 29, 62, 19, 25, 91, 63, 8, 70, 75, 95, 42, 6, 13, 45, 8, 17, 36, 94, 17, 87, 36, 50, 98, 48, 73, 81, 17, 25, 95, 40, 91, 63, 0, 84, 32, 44, 3, 88, 37, 25, 7, 24, 71, 56, 67, 5, 82, 57, 30, 21, 67, 44, 67, 48, 46
11, 69, 3, 11, 88, 5, 16, 38, 80, 35, 46, 34, 85, 68, 72, 62, 45, 47, 9, 90, 95, 28, 55, 97, 7, 82, 24, 58, 77, 67, 32, 85, 61, 62, 7, 58, 48, 58, 32, 26, 21, 10, 96, 19, 74, 83, 81, 53, 15, 78, 54, 66, 27, 45, 76, 43, 88, 61, 84, 0, 23, 1, 18, 72, 16, 64, 30, 48, 96, 91, 67, 52, 85, 8, 98, 81, 8, 62, 31, 92, 27
88, 73, 22, 8, 61, 99, 82, 66, 23, 20, 38, 94, 34, 7, 31, 19, 98, 66, 42, 19, 8, 6, 77, 15, 98, 17, 31, 1, 51, 43, 58, 8, 12, 14, 79, 93, 91, 67, 38, 55, 57, 42, 73, 14, 76, 47, 34, 92, 66, 4, 64, 29, 92, 78, 11, 55, 64, 75, 32, 23, 0, 21, 71, 87, 33, 4, 94, 95, 2, 26, 84, 82, 53, 81, 14, 80, 11, 56, 67, 82, 2
52, 13, 24, 49, 89, 97, 28, 99, 2, 9, 34, 42, 39, 67, 28, 72, 78, 10, 36, 8, 3, 71, 62, 69, 94, 50, 70, 95, 53, 67, 56, 82, 68, 32, 63, 55, 11, 40, 72, 16, 89, 38, 24, 20, 68, 77, 89, 48, 19, 96, 97, 76, 61, 74, 54, 40, 63, 69, 44, 1, 21, 0, 23, 96, 11, 54, 4, 59, 35, 3, 43, 94, 41, 68, 22, 24, 98, 71, 11, 96, 66
15, 82, 89, 89, 47, 81, 78, 43, 93, 46, 33, 44, 57, 98, 50, 65, 1, 92, 32, 19, 30, 20, 48, 20, 34, 58, 62, 89, 45, 14, 70, 69, 19, 78, 81, 15, 11, 98, 92, 72, 23, 98, 71, 15, 11, 49, 99, 78, 92, 93, 9, 28, 18, 67, 83, 49, 77, 22, 3, 18, 71, 23, 0, 1, 5, 61, 55, 79, 81, 29, 77, 61, 74, 29, 57, 18, 63, 9, 64, 9, 85
92, 32, 17, 9, 81, 30, 30, 67, 34, 2, 66, 53, 77, 38, 69, 94, 51, 33, 82, 5, 18, 21, 97, 5, 58, 16, 30, 52, 1, 1, 53, 45, 66, 57, 9, 52, 88, 97, 88, 67, 85, 50, 83, 21, 72, 1, 90, 75, 91, 70, 45, 28, 99, 72, 70, 36, 56, 95, 88, 72, 87, 96, 1, 0, 37, 42, 22, 15, 87, 87, 48, 8, 42, 77, 87, 91, 99, 4, 40, 93, 6
98, 29, 77, 90, 91, 5, 39, 27, 98, 72, 96, 46, 61, 9, 53, 88, 51, 55, 83, 83, 58, 68, 13, 4, 37, 62, 72, 6, 55, 84, 84, 76, 6, 66, 77, 48, 26, 79, 65, 26, 11, 7, 96, 58, 76, 66, 54, 51, 64, 93, 73, 29, 94, 46, 39, 34, 33, 21, 37, 16, 33, 11, 5, 37, 0, 58, 89, 32, 15, 50, 29, 70, 86, 3, 52, 44, 88, 8, 16, 73, 7
2, 49, 99, 48, 73, 42, 73, 96, 4, 73, 80, 85, 84, 99, 92, 32, 17, 15, 72, 37, 74, 22, 96, 79, 63, 85, 67, 75, 6, 74, 64, 99, 75, 10, 92, 39, 53, 3, 41, 1, 52, 86, 93, 58, 96, 36, 60, 94, 66, 51, 90, 92, 23, 23, 43, 99, 26, 38, 25, 64, 4, 54, 61, 42, 58, 0, 3, 69, 11, 16, 77, 59, 12, 59, 16, 56, 28, 87, 52, 25, 9
92, 67, 33, 3, 44, 23, 31, 79, 21, 17, 77, 35, 80, 44, 59, 17, 25, 13, 56, 80, 76, 48, 51, 81, 56, 37, 67, 71, 89, 34, 42, 70, 3, 67, 74, 85, 13, 94, 79, 15, 31, 70, 34, 14, 16, 99, 3, 36, 8, 81, 28, 70, 6, 49, 29, 34, 63, 41, 7, 30, 94, 4, 55, 22, 89, 3, 0, 84, 11, 35, 70, 5, 39, 53, 53, 29, 76, 43, 63, 80, 23
98, 3, 28, 71, 61, 45, 80, 94, 87, 1, 1, 19, 58, 7, 18, 98, 6, 95, 20, 65, 69, 87, 47, 44, 28, 79, 99, 76, 25, 60, 31, 16, 1, 70, 59, 5, 74, 42, 11, 84, 71, 42, 2, 66, 25, 91, 82, 32, 17, 30, 53, 9, 7, 24, 2, 91, 1, 75, 24, 48, 95, 59, 79, 15, 32, 69, 84, 0, 55, 82, 38, 25, 40, 2, 29, 76, 57, 22, 87, 11, 43
85, 31, 4, 63, 66, 35, 7, 41, 43, 69, 59, 44, 8, 58, 40, 65, 70, 12, 76, 14, 59, 75, 18, 25, 14, 81, 92, 98, 15, 11, 83, 35, 19, 99, 58, 4, 72, 16, 84, 24, 58, 66, 23, 47, 42, 43, 41, 37, 40, 75, 15, 50, 72, 90, 29, 95, 45, 91, 71, 96, 2, 35, 81, 87, 15, 11, 11, 55, 0, 6, 77, 31, 78, 24, 61, 69, 32, 7, 58, 1, 19
21, 22, 45, 74, 11, 20, 40, 72, 6, 53, 72, 57, 10, 51, 41, 90, 95, 66, 88, 15, 55, 66, 2, 89, 94, 4, 90, 32, 73, 54, 77, 24, 50, 82, 62, 12, 7, 29, 57, 81, 45, 14, 4, 83, 1, 38, 99, 17, 27, 52, 65, 30, 58, 60, 61, 82, 88, 28, 56, 91, 26, 3, 29, 87, 50, 16, 35, 82, 6, 0, 21, 31, 2, 28, 31, 38, 72, 92, 11, 81, 81
58, 96, 19, 11, 85, 16, 47, 43, 41, 88, 99, 9, 39, 22, 57, 62, 84, 29, 39, 62, 24, 46, 9, 1, 44, 20, 61, 39, 23, 88, 76, 8, 89, 60, 56, 32, 35, 63, 55, 39, 35, 33, 91, 51, 69, 34, 11, 92, 33, 98, 58, 97, 6, 70, 87, 30, 10, 28, 67, 67, 84, 43, 77, 48, 29, 77, 70, 38, 77, 21, 0, 2, 71, 36, 99, 22, 83, 97, 17, 52, 89
80, 54, 42, 12, 5, 48, 45, 89, 87, 2, 46, 27, 76, 94, 72, 69, 8, 15, 97, 45, 28, 12, 97, 62, 71, 81, 29, 76, 29, 95, 79, 53, 2, 3, 97, 71, 20, 47, 18, 77, 49, 86, 15, 41, 14, 59, 31, 67, 79, 63, 58, 69, 33, 85, 76, 20, 92, 20, 5, 52, 82, 94, 61, 8, 70, 59, 5, 25, 31, 31, 2, 0, 52, 44, 92, 36, 7, 88, 53, 96, 70
91, 26, 6, 26, 63, 8, 94, 19, 36, 27, 10, 76, 81, 82, 40, 47, 49, 21, 15, 5, 50, 48, 64, 12, 70, 46, 2, 61, 17, 43, 6, 40, 99, 20, 21, 97, 76, 11, 79, 12, 92, 97, 57, 67, 28, 31, 91, 31, 73, 51, 41, 38, 16, 99, 47, 76, 75, 55, 82, 85, 53, 41, 74, 42, 86, 12, 39, 40, 78, 2, 71, 52, 0, 72, 88, 39, 95, 6, 31, 95, 45
83, 19, 4, 89, 34, 83, 69, 14, 68, 21, 64, 96, 12, 36, 50, 35, 98, 75, 69, 34, 88, 36, 3, 80, 36, 92, 9, 27, 44, 39, 87, 6, 45, 92, 83, 56, 77, 86, 64, 70, 91, 18, 58, 46, 48, 20, 33, 32, 6, 88, 2, 61, 94, 20, 19, 68, 22, 18, 57, 8, 81, 68, 29, 77, 3, 59, 53, 2, 24, 28, 36, 44, 72, 0, 3, 22, 83, 72, 6, 8, 72
36, 47, 63, 55, 27, 58, 94, 73, 28, 94, 7, 63, 22, 77, 90, 90, 38, 21, 18, 16, 75, 12, 59, 20, 69, 98, 61, 78, 64, 47, 93, 89, 49, 31, 15, 35, 55, 29, 17, 97, 40, 3, 20, 61, 71, 88, 76, 98, 91, 77, 67, 37, 92, 88, 41, 88, 17, 73, 30, 98, 14, 22, 57, 87, 52, 16, 53, 29, 61, 31, 99, 92, 88, 3, 0, 87, 71, 33, 65, 13, 22
85, 3, 38, 97, 94, 2, 93, 86, 43, 37, 13, 42, 33, 60, 39, 82, 84, 50, 31, 87, 82, 56, 71, 99, 53, 42, 21, 36, 46, 16, 84, 17, 2, 65, 72, 92, 95, 76, 36, 8, 15, 71, 65, 69, 77, 7, 33, 12, 31, 36, 95, 81, 46, 53, 91, 17, 79, 56, 21, 81, 80, 24, 18, 91, 44, 56, 29, 76, 69, 38, 22, 36, 39, 22, 87, 0, 3, 13, 37, 80, 51
64, 73, 77, 62, 5, 86, 42, 95, 26, 52, 26, 74, 98, 46, 6, 64, 10, 50, 3, 43, 91, 31, 48, 32, 83, 89, 78, 38, 64, 25, 18, 44, 39, 76, 64, 80, 73, 20, 58, 75, 51, 57, 21, 99, 37, 85, 97, 34, 99, 9, 34, 54, 70, 58, 33, 96, 95, 1, 67, 8, 11, 98, 63, 99, 88, 28, 76, 57, 32, 72, 83, 7, 95, 83, 71, 3, 0, 2, 17, 71, 91
1, 81, 30, 99, 87, 34, 91, 38, 32, 6, 91, 18, 17, 89, 69, 95, 17, 25, 83, 71, 84, 23, 36, 18, 54, 96, 13, 88, 91, 47, 74, 45, 78, 32, 97, 46, 43, 98, 98, 97, 14, 95, 22, 56, 80, 20, 16, 39, 26, 84, 57, 99, 26, 37, 80, 45, 95, 32, 44, 62, 56, 71, 9, 4, 8, 87, 43, 22, 7, 92, 97, 88, 6, 72, 33, 13, 2, 0, 82, 3, 8
36, 91, 62, 1, 96, 72, 3, 85, 98, 81, 9, 4, 17, 89, 95, 12, 2, 48, 84, 81, 55, 48, 72, 98, 95, 50, 21, 46, 83, 54, 70, 74, 81, 6, 24, 99, 40, 90, 90, 24, 93, 11, 37, 6, 29, 40, 44, 92, 1, 51, 70, 91, 10, 8, 96, 22, 5, 60, 67, 31, 67, 11, 64, 40, 16, 52, 63, 87, 58, 11, 17, 53, 31, 6, 65, 37, 17, 82, 0, 48, 97
62, 80, 75, 95, 85, 42, 19, 23, 48, 96, 44, 14, 87, 80, 70, 73, 57, 52, 33, 90, 23, 80, 34, 33, 21, 62, 88, 46, 56, 51, 21, 65, 21, 53, 42, 85, 8, 35, 61, 98, 90, 97, 96, 6, 36, 74, 50, 81, 24, 41, 68, 21, 25, 40, 27, 90, 64, 16, 48, 92, 82, 96, 9, 93, 73, 25, 80, 11, 1, 81, 52, 96, 95, 8, 13, 80, 71, 3, 48, 0, 79
2, 60, 53, 10, 44, 88, 79, 46, 31, 49, 86, 13, 5, 71, 48, 9, 73, 76, 88, 93, 55, 80, 7, 31, 83, 70, 67, 80, 65, 36, 94, 5, 15, 42, 29, 39, 20, 72, 99, 36, 72, 60, 36, 39, 26, 14, 63, 46, 91, 94, 71, 5, 26, 48, 37, 36, 5, 53, 46, 27, 2, 66, 85, 6, 7, 9, 23, 43, 19, 81, 89, 70, 45, 72, 22, 51, 91, 8, 97, 79, 0
